刘叶 2014301500303 340828199708270137 2014 9 计算机 1 1 安徽省岳西县 17
体测 2014 163 55 3300 12 21 210 2.24 6.8
体测 2014 163 55 3300 12 21 210 2.24 6.8
体测 2014 163 55 3300 12 21 210 2.24 6.8
考试 1 1 高等数学 90.0 5.0 足球 96.0 1.0 大学英语2 84.0 3.0 0
考试 1 2 高等数学 90.0 5.0 足球 96.0 1.0 大学英语2 84.0 3.0 0
考试 2 1 高等数学 90.0 5.0 足球 96.0 1.0 大学英语2 84.0 3.0 0
0
五更琉璃 2014301500303 340828199708270137 2014 9 计算机 0 1 千叶县 18
体测 2014 163 55 3300 12 21 210 2.24 6.8
体测 2014 163 55 3300 12 21 210 2.24 6.8
体测 2014 163 55 3300 12 21 210 2.24 6.8
考试 1 1 高等数学 90.0 5.0 足球 96.0 1.0 大学英语2 84.0 3.0 0
考试 1 1 高等数学 90.0 5.0 足球 96.0 1.0 大学英语2 84.0 3.0 0
考试 1 1 高等数学 90.0 5.0 足球 96.0 1.0 大学英语2 84.0 3.0 0
0
立华奏 2014301500303 340828199708270137 2014 SSS 计算机 0 1 死后世界 17
体测 2014 163 55 3300 12 21 210 2.24 6.8
体测 2014 163 55 3300 12 21 210 2.24 6.8
体测 2014 163 55 3300 12 21 210 2.24 6.8
考试 1 1 高等数学 90.0 5.0 足球 96.0 1.0 大学英语2 84.0 3.0 0
考试 1 1 高等数学 90.0 5.0 足球 96.0 1.0 大学英语2 84.0 3.0 0
考试 1 1 高等数学 90.0 5.0 足球 96.0 1.0 大学英语2 84.0 3.0 0
0